0	19	19:1-2513496	19:1-2060932	7.42403	2000040	72905	25004
1	19	19:1660982-4461690	19:2060933-4061030	6.6277	2000035	73306	25047
2	19	19:3661024-6508038	19:4061031-6061058	4.94985	2000005	67978	22360
3	19	19:5518921-8461139	19:6061059-8061157	6.6961	2000064	61090	22753
4	19	19:7661160-10461219	19:8061158-10061201	4.02022	2000009	60811	21341
5	19	19:9223425-13287242	19:10061202-12100987	2.98249	2039723	63015	20001
6	19	19:11432490-14687129	19:12100988-14287139	3.46777	2186089	62430	20001
7	19	19:13717907-16998406	19:14287140-16287188	4.13776	2000019	62784	22731
8	19	19:15780760-19056673	19:16287189-18287206	4.50215	2000001	61621	20369
9	19	19:17887174-22484087	19:18287207-20639185	2.50131	2351956	68178	21350
10	19	19:19335952-29933172	19:20639186-28922848	2.50001	8283628	179483	62305
11	19	19:22835459-31384640	19:28922849-30922894	2.7065	2000015	63785	22593
12	19	19:30374298-33783604	19:30922895-33096834	3.25764	2173903	65612	20001
13	19	19:32441370-35643375	19:33096835-35109891	3.46331	2013008	59423	20001
14	19	19:34428370-39372093	19:35109892-37267332	3.26193	2157362	60424	20001
15	19	19:36079010-41082249	19:37267333-40353431	2.5001	3086051	86162	28251
16	19	19:39728138-43955143	19:40353432-42353459	2.77486	2000004	59113	20060
17	19	19:41659252-45441747	19:42353460-45041632	2.50095	2688145	87205	29494
18	19	19:44168281-47526800	19:45041633-47041664	4.09641	2000020	61382	20910
19	19	19:46509256-49455632	19:47041665-49055563	4.07413	2013869	60023	20001
20	19	19:48529747-51455664	19:49055564-51055637	4.02306	2000047	62867	21639
21	19	19:50472067-53455673	19:51055638-53055691	6.87704	2000031	62062	23045
22	19	19:52655703-55455785	19:53055692-55055738	8.99748	2000024	71542	28511
23	19	19:54655717-57456053	19:55055739-57055913	5.82678	2000140	70374	26666
24	19	19:56655936-59128983	19:57055914-59128983	3.60197	2062868	62333	21060
