0	20	20:1-2460562	20:1-2060505	7.08082	2000137	59716	21363
1	20	20:1660451-4595150	20:2060506-4195107	5.00573	2134573	61402	21201
2	20	20:3795045-6744468	20:4195108-6195119	7.74616	2000001	60304	22089
3	20	20:5795103-8805304	20:6195120-8259982	3.995	2064837	60557	21201
4	20	20:7704315-11138844	20:8259983-10577804	4.97739	2317772	63486	21201
5	20	20:10113786-13248294	20:10577805-12728782	3.87565	2150945	64215	21201
6	20	20:12296369-15574524	20:12728783-15174505	2.82509	2445667	65175	21201
7	20	20:13899372-17755616	20:15174506-17182834	4.63316	2008273	59891	21201
8	20	20:16701066-19743087	20:17182835-19232864	3.51762	2050013	60108	21201
9	20	20:18811751-22779449	20:19232865-21637534	3.55579	2404633	66736	21201
10	20	20:20354292-25018958	20:21637535-24060439	2.50385	2422880	80001	26695
11	20	20:23144602-34960646	20:24060440-31729217	2.50002	7668751	129499	42432
12	20	20:30526708-37246187	20:31729218-36783590	2.50009	5054340	130876	38545
13	20	20:36005840-40484001	20:36783591-39242126	2.81303	2458512	67567	21201
14	20	20:38571374-42065944	20:39242127-41517738	3.36479	2275576	66174	21201
15	20	20:41117736-44833310	20:41517739-43854852	4.04939	2337076	66070	21201
16	20	20:43101181-46576871	20:43854853-46044605	3.6124	2189734	62633	21201
17	20	20:45580491-48859405	20:46044606-48149741	3.47865	2105088	62704	21201
18	20	20:47197520-50704716	20:48149742-50304650	4.1459	2154849	63543	21201
19	20	20:49904657-52914500	20:50304651-52514498	4.44909	2209832	64010	21201
20	20	20:52114477-55101266	20:52514499-54514524	4.25253	2000022	62121	22125
21	20	20:54088611-56914675	20:54514525-56514630	5.93196	2000097	63467	22018
22	20	20:56114603-59270986	20:56514631-58671163	6.15264	2156447	64868	21201
23	20	20:58271204-61263383	20:58671164-60671333	6.28756	2000049	68852	24314
24	20	20:60271368-63025520	20:60671334-63025520	5.03837	2293977	77822	26265
