0	3	3:1-2596520	3:1-2060073	3.56065	2000003	77330	28204
1	3	3:1528348-4611053	3:2060074-4060084	6.64681	2000005	73111	26930
2	3	3:3586289-6460185	3:4060085-6060144	5.56278	2000055	72896	26133
3	3	3:5596075-8647294	3:6060145-8060164	4.43259	2000013	69267	25213
4	3	3:7524357-10631878	3:8060165-10072974	4.54683	2012799	62951	20701
5	3	3:9301415-13152838	3:10072975-12108729	4.1206	2035724	62244	20701
6	3	3:11700264-14527936	3:12108730-14115982	2.82016	2007220	60874	20701
7	3	3:13528004-16880723	3:14115983-16174396	2.95956	2058404	60528	20701
8	3	3:14957980-19980449	3:16174397-18928647	2.50148	2754198	75353	23933
9	3	3:17220678-21899496	3:18928648-21499487	2.50023	2570783	75365	25208
10	3	3:20612226-24132540	3:21499488-23499537	2.74362	2000016	70886	25119
11	3	3:22203909-26398198	3:23499538-25499641	3.65923	2000024	65377	22894
12	3	3:24835445-28647683	3:25499642-27745577	2.5	2245867	68377	22546
13	3	3:26739409-30428273	3:27745578-29835417	3.44048	2089817	59637	20701
14	3	3:29326125-32355863	3:29835418-31884295	3.13292	2048854	60278	20701
15	3	3:31179514-35931873	3:31884296-34110213	2.77415	2225902	61822	20701
16	3	3:32850150-38725318	3:34110214-37670674	2.50051	3560456	100335	32319
17	3	3:36483398-42102334	3:37670675-40698726	2.50001	3027988	82143	26987
18	3	3:39269903-45136978	3:40698727-43803277	2.50625	3104487	86987	28467
19	3	3:42416290-53179287	3:43803278-46781883	2.50005	2978553	80017	25558
20	3	3:45304304-54885681	3:46781884-54293512	2.50002	7511568	186393	49850
21	3	3:53737695-58039028	3:54293513-56379808	3.00194	2086262	62893	20701
22	3	3:55458047-59869125	3:56379809-59428646	2.50006	3048797	85573	27511
23	3	3:58558910-62050989	3:59428647-61428715	4.1175	2000002	69535	23918
24	3	3:60623972-64003758	3:61428716-63428796	3.52988	2000002	62939	21247
25	3	3:62658880-66154040	3:63428797-65434525	3.74364	2005692	63418	20701
26	3	3:64864066-68289282	3:65434526-67434540	2.89007	2000006	61285	21039
27	3	3:66720339-70448081	3:67434541-69512956	2.50043	2078406	63626	21245
28	3	3:68588937-72265637	3:69512957-71865631	3.24779	2352660	67509	20701
29	3	3:71465554-74397059	3:71865632-73893138	4.71307	2027492	61931	20701
30	3	3:73414716-77032559	3:73893139-76158374	2.50515	2265187	66997	24669
31	3	3:74629785-81431909	3:76158375-78658989	2.50014	2500565	73034	24012
32	3	3:77320202-93928200	3:78658990-87371565	2.50023	8712545	246188	78260
33	3	3:82739344-100410293	3:87371566-98249923	2.50009	10878333	244464	77312
34	3	3:95862318-103457886	3:98249924-102048270	2.50032	3798331	104037	34228
35	3	3:100897368-106160795	3:102048271-105305020	2.50002	3256733	95637	32813
36	3	3:104115495-108638078	3:105305021-107574022	2.50001	2268984	63561	21025
37	3	3:106420614-112146863	3:107574023-110930671	2.5006	3356621	90624	29946
38	3	3:109680502-114248698	3:110930672-113541383	2.50113	2610698	70828	24791
39	3	3:112460462-116831828	3:113541384-116174347	3.24457	2632959	65999	20701
40	3	3:115412295-119347839	3:116174348-118250442	2.8519	2076089	61091	20701
41	3	3:117156911-122682849	3:118250443-121338712	2.50087	3088265	86716	27689
42	3	3:120302465-124767060	3:121338713-123810048	2.73503	2471315	65245	20701
43	3	3:123040418-127069579	3:123810049-126106145	2.50011	2296076	70007	24536
44	3	3:124917156-130206132	3:126106146-128333083	2.56593	2226932	64656	20701
45	3	3:127472987-133113138	3:128333084-131836372	2.50163	3503267	99539	33465
46	3	3:130559877-134755443	3:131836373-133953710	2.71107	2117289	58941	20701
47	3	3:133250851-138723597	3:133953711-137369058	2.50017	3415303	93308	27964
48	3	3:135233667-140969850	3:137369059-140104238	2.50027	2735165	74061	23540
49	3	3:139383307-143072255	3:140104239-142562007	2.5	2457762	66244	21909
50	3	3:141339446-145664970	3:142562008-144648681	2.69774	2086655	59354	20701
51	3	3:143444186-148320111	3:144648682-147488501	2.50002	2839791	80355	27530
52	3	3:146285127-150530574	3:147488502-149668881	3.45857	2180361	60424	20701
53	3	3:149043151-153289227	3:149668882-152066347	2.99576	2397453	63361	20701
54	3	3:150785200-156167336	3:152066348-154898803	2.50084	2832426	77371	26936
55	3	3:153950968-159817032	3:154898804-158767616	2.50006	3868763	103146	35175
56	3	3:156798821-166580608	3:158767617-164276203	2.50009	5508543	153579	53721
57	3	3:161395232-169193198	3:164276204-168342309	2.50056	4066068	112611	38240
58	3	3:167518426-171358233	3:168342310-170958242	2.50055	2615887	70379	23101
59	3	3:169656554-173932259	3:170958243-173211945	4.88902	2253673	62036	20701
60	3	3:172749162-176031521	3:173211946-175270377	3.39536	2058396	58896	20701
61	3	3:174870356-178432356	3:175270378-177322920	2.98849	2052501	59584	20701
62	3	3:176695555-181595358	3:177322921-180393403	2.5	3070373	82446	26898
63	3	3:179237797-183822830	3:180393404-183085202	2.87097	2691685	69034	20701
64	3	3:182314073-185923266	3:183085203-185339544	3.26366	2254306	62968	20701
65	3	3:184352048-188009366	3:185339545-187484608	5.38689	2145039	62451	20701
66	3	3:187023749-190227956	3:187484609-189624909	5.63618	2140294	61328	20701
67	3	3:189224884-192116636	3:189624910-191624955	3.39806	2000036	60262	23141
68	3	3:190753331-194025009	3:191624956-193624968	3.76344	2000001	57709	21049
69	3	3:193008007-196366806	3:193624969-195625031	5.38751	2000047	65257	24455
70	3	3:194809146-198022430	3:195625032-198022430	3.53128	2337339	70007	24818
