0	17	17:1-2738328	17:1-2000108	6.43684	2000031	68912	25240
1	17	17:1600118-4458337	17:2000109-4000210	4.20844	2000049	64264	21732
2	17	17:3600235-6400289	17:4000211-6000325	4.22153	2000051	62844	21575
3	17	17:5600360-8800691	17:6000326-8054798	5.04064	2054435	62035	20801
4	17	17:7633094-10523069	17:8054799-10054823	5.94497	2000016	61588	21479
5	17	17:9654800-12507198	17:10054824-12107160	4.86392	2052290	60996	20801
6	17	17:11508260-14507232	17:12107161-14107232	6.0084	2000032	61895	22642
7	17	17:13683037-16887406	17:14107233-16107293	4.69462	2000039	61478	22608
8	17	17:15279637-19793964	17:16107294-18560096	2.50013	2452764	66246	20814
9	17	17:17299868-26869099	17:18560097-21666676	2.51566	3106535	77142	24865
10	17	17:20843304-30879149	17:21666677-29912375	2.50031	8245666	144871	42838
11	17	17:27874303-32547098	17:29912376-32147088	3.66558	2234697	64006	20801
12	17	17:31747094-34764004	17:32147089-34332717	4.10223	2185616	64553	20801
13	17	17:33599625-38661248	17:34332718-37063641	5.45184	2730910	66228	20801
14	17	17:36490132-41772315	17:37063642-39953628	2.50006	2889970	83325	26511
15	17	17:39078222-45357471	17:39953629-43663512	2.50013	3709859	97538	28642
16	17	17:42345958-48119939	17:43663513-47527904	2.50002	3864369	91236	29996
17	17	17:46260366-51472343	17:47527905-49894669	3.98017	2366688	66186	20801
18	17	17:48989741-53815760	17:49894670-53347943	2.50002	3453195	97752	32153
19	17	17:52445962-56033933	17:53347944-55633920	5.07907	2285957	64350	20801
20	17	17:55233897-59687831	17:55633921-59287760	2.50035	3653787	90604	26055
21	17	17:56270521-62835309	17:59287761-61885906	2.67322	2598093	68288	20801
22	17	17:60294358-64857495	17:61885907-64185315	3.46365	2299356	63018	20801
23	17	17:63461964-66711986	17:64185316-66284812	3.20541	2099450	61021	20801
24	17	17:65484274-69244324	17:66284813-68624650	3.74027	2339789	64048	20801
25	17	17:67962882-71119106	17:68624651-70719094	4.44768	2094392	62912	20801
26	17	17:70319083-73574421	17:70719095-72719143	6.53497	2000035	64506	22752
27	17	17:72307491-75223000	17:72719144-74822982	2.71521	2103831	64614	20801
28	17	17:74100687-77223062	17:74822983-76823014	6.75301	2000019	68665	24604
29	17	17:76422978-79334064	17:76823015-78823062	7.52654	2000036	64811	22896
30	17	17:78174185-81195210	17:78823063-81195210	3.9453	2371334	83422	28079
