0	13	13:1-21789207	13:1-21020079	2.56733	2000025	64155	23515
1	13	13:20620076-23522388	13:21020080-23020149	5.40264	2000055	59636	21553
2	13	13:22619998-25674563	13:23020150-25020240	5.00284	2000060	64401	24944
3	13	13:24620237-27435088	13:25020241-27020280	3.42598	2000007	59899	21851
4	13	13:26488900-29527248	13:27020281-29047834	4.60754	2027532	60218	21401
5	13	13:28587839-31483696	13:29047835-31083669	4.14372	2035818	60402	21401
6	13	13:30683650-33924560	13:31083670-33361140	4.00558	2277461	64638	21401
7	13	13:32557370-36462235	13:33361141-35510243	3.47908	2149095	62084	21401
8	13	13:34952131-38877650	13:35510244-37941107	3.22904	2430838	65041	21401
9	13	13:37275273-40711499	13:37941108-40088216	2.50871	2147074	61819	22457
10	13	13:39355161-43494740	13:40088217-42336350	3.45616	2248085	63264	21401
11	13	13:41086387-45427396	13:42336351-44656262	2.84176	2319868	62895	21401
12	13	13:43794813-47691644	13:44656263-47069822	3.87329	2413546	65523	21401
13	13	13:46669785-51267830	13:47069823-49497828	2.50314	2427982	65864	23052
14	13	13:48132265-53983466	13:49497829-52413967	2.50001	2916104	73734	23017
15	13	13:51592093-59780681	13:52413968-58247902	2.50191	5833908	152207	47785
16	13	13:54876391-62461387	13:58247903-61266007	2.50146	3018092	80427	25285
17	13	13:60092585-67019525	13:61266008-65200673	2.50018	3934647	115877	40468
18	13	13:63402151-71006293	13:65200674-69371657	2.50001	4170971	116584	38145
19	13	13:67717352-72497228	13:69371658-71838321	2.50005	2466660	73558	26192
20	13	13:71275846-74492554	13:71838322-74063270	3.28905	2224928	62335	21401
21	13	13:73111460-77315748	13:74063271-76308899	3.71892	2245610	62815	21401
22	13	13:75433965-79804495	13:76308900-79072796	2.50159	2763888	77334	25686
23	13	13:77915331-83825047	13:79072797-81727373	2.50182	2654527	72634	24295
24	13	13:80587385-88285391	13:81727374-86318119	2.50001	4590701	131171	44749
25	13	13:84626268-92069106	13:86318120-91055457	2.50008	4737334	133215	43696
26	13	13:89784950-94564070	13:91055458-93285933	2.50018	2230446	65226	22375
27	13	13:92371090-95971906	13:93285934-95552169	2.71526	2266204	63668	21401
28	13	13:94920235-98753647	13:95552170-98312615	2.50019	2760408	74501	24040
29	13	13:96210490-101094334	13:98312616-100400407	3.62538	2087751	62903	21401
30	13	13:99305181-103556724	13:100400408-102623991	3.73427	2223568	63869	21401
31	13	13:101927212-105275249	13:102623992-104698178	3.29552	2074134	60868	21401
32	13	13:104067048-107117477	13:104698179-106698291	5.23745	2000037	64197	23433
33	13	13:106298281-109181982	13:106698292-108781990	5.23859	2083633	61971	21401
34	13	13:108331889-111182116	13:108781991-110782082	4.32569	2000048	61740	22192
35	13	13:110340363-113266858	13:110782083-112782098	6.16213	2000002	61230	22257
36	13	13:112353972-115169878	13:112782099-115169878	3.30164	2327751	75473	26878
