0	16	16:1-2460139	16:1-2060092	4.12792	2000004	83286	28142
1	16	16:1302727-4815871	16:2060093-4149829	3.97086	2089720	73423	22401
2	16	16:3498998-6549847	16:4149830-6149855	5.28931	2000002	88120	29716
3	16	16:5749865-8549887	16:6149856-8149877	5.87228	2000009	111887	38730
4	16	16:7749877-10549900	16:8149878-10149898	4.34371	2000011	80451	28701
5	16	16:9438672-12767077	16:10149899-12149927	4.66513	2000016	76557	26019
6	16	16:11612243-15649009	16:12149928-14149959	3.8545	2000006	81665	27570
7	16	16:13665743-17648024	16:14149960-17247970	4.07175	3097991	72492	22401
8	16	16:16711235-20410346	16:17247971-19736039	4.534	2488060	64392	22401
9	16	16:19194355-23290729	16:19736040-22817687	3.77353	3081636	73991	22401
10	16	16:22417690-25788861	16:22817688-25225283	4.88486	2407549	68191	22401
11	16	16:24629783-28017362	16:25225284-27268737	5.38792	2043401	63449	22401
12	16	16:26868744-48388672	16:27268738-30547952	2.99794	3279194	75549	22401
13	16	16:29031353-50426610	16:30547953-49729809	2.50008	19181837	209768	56275
14	16	16:48984220-52686561	16:49729810-52104140	3.98133	2374279	70839	22401
15	16	16:51539298-54846304	16:52104141-54446266	4.89648	2342080	67489	22401
16	16	16:54046220-57020910	16:54446267-56515715	4.14771	2069435	63536	22401
17	16	16:55811142-59665742	16:56515716-58740993	4.57967	2225257	65816	22401
18	16	16:57999946-62367704	16:58740994-61147366	2.67976	2406364	68483	22401
19	16	16:60204594-64935811	16:61147367-63834457	2.50108	2687073	73837	23786
20	16	16:62675421-68704593	16:63834458-66180431	2.69888	2345938	67258	22401
21	16	16:65780430-73009950	16:66180432-71064018	2.50007	4883568	127165	35969
22	16	16:69538942-74198482	16:71064019-73754348	2.85639	2690316	77756	22401
23	16	16:73354350-76600139	16:73754349-75974372	2.50053	2219998	75341	24241
24	16	16:74906999-78551026	16:75974373-77974442	3.55135	2000040	77146	26641
25	16	16:77574429-80557471	16:77974443-79974469	6.4163	2000003	105890	36354
26	16	16:79574476-82447056	16:79974470-81974516	5.12962	2000025	87344	30183
27	16	16:81574519-84374550	16:81974517-83974541	5.63303	2000010	93486	32758
28	16	16:83574522-86374583	16:83974542-85974574	9.14095	2000019	90293	32058
29	16	16:85574571-88439387	16:85974575-87974606	6.82676	2000017	90323	31718
30	16	16:87574516-90354753	16:87974607-90354753	3.91304	2318735	93926	32839
