0	1	1:1-2981157	1:1-2282377	4.74145	2271868	62420	21401
1	1	1:1882381-4682443	1:2282378-4282467	5.22444	2000060	68457	24330
2	1	1:3845202-7249549	1:4282468-6282534	5.95068	2000033	68774	24663
3	1	1:5880310-9246292	1:6282535-8384258	3.1336	2101714	63767	21401
4	1	1:7665564-11109346	1:8384259-10709315	2.95214	2325048	66464	21401
5	1	1:9511134-13634632	1:10709316-12749693	4.88406	2040362	62788	21401
6	1	1:12262731-15614202	1:12749694-15214189	5.27177	2464480	56977	21401
7	1	1:14813997-17715100	1:15214190-17315106	3.47165	2100896	60408	21401
8	1	1:16493225-20113426	1:17315107-19315138	6.24724	2000011	64972	22757
9	1	1:18915132-22347692	1:19315139-21579905	3.32796	2264751	65185	21401
10	1	1:20601034-24527136	1:21579906-23811308	2.84513	2231391	64696	21401
11	1	1:22871156-27676289	1:23811309-26232909	3.33649	2421585	64928	21401
12	1	1:25425372-30411407	1:26232910-29805222	2.50001	3572297	93493	27373
13	1	1:28458850-33531900	1:29805223-31883747	3.52297	2078523	59638	21401
14	1	1:31165648-34943154	1:31883748-34490012	2.68877	2606261	70703	21401
15	1	1:34090004-37414138	1:34490013-37014143	2.78019	2524115	68913	21401
16	1	1:35351776-40406123	1:37014144-39372231	4.79205	2358067	67580	21401
17	1	1:38931561-43366696	1:39372232-41853845	2.66673	2481602	65816	21401
18	1	1:40925566-47212009	1:41853846-44971435	2.50023	3117585	84376	27064
19	1	1:43693532-49432775	1:44971436-48482680	2.50137	3511232	94010	30057
20	1	1:47700940-54617813	1:48482681-53800506	2.5	5317805	135060	41265
21	1	1:52263941-56903341	1:53800507-55935566	3.69414	2134987	62826	21401
22	1	1:55341292-58810805	1:55935567-58103658	3.00671	2168012	62873	21401
23	1	1:57311069-61461740	1:58103659-60306041	3.3019	2202342	62164	21401
24	1	1:59576699-63454455	1:60306042-62655393	3.52445	2349316	64644	21401
25	1	1:62117953-65606957	1:62655394-64972877	3.53667	2317474	61762	21401
26	1	1:64290751-68256317	1:64972878-67553788	2.92942	2580887	68257	21401
27	1	1:66643923-71040369	1:67553789-69926838	2.78728	2373014	65682	21401
28	1	1:68727247-75751021	1:69926839-74439686	2.5	4512807	119733	38135
29	1	1:72129408-78720164	1:74439687-77189874	2.50047	2750154	75257	24421
30	1	1:76605904-81490994	1:77189875-80781694	2.50034	3591804	99784	33247
31	1	1:79262865-83831082	1:80781695-82830525	2.73824	2048817	61164	21401
32	1	1:81947844-86010408	1:82830526-85231610	2.50002	2401076	63572	21619
33	1	1:84487843-88202057	1:85231611-87714984	2.50006	2483334	66961	22453
34	1	1:86715209-90646678	1:87714985-90218963	3.08203	2503933	66607	21401
35	1	1:88656759-94504158	1:90218964-92654752	2.8202	2435759	63815	21401
36	1	1:91631907-97460564	1:92654753-95609872	2.50014	2955068	76822	24797
37	1	1:95021919-99956949	1:95609873-98859708	2.50002	3249801	87512	27060
38	1	1:97884294-102307574	1:98859709-101774305	2.50008	2914594	78823	25773
39	1	1:100483855-106085636	1:101774306-104825204	2.50005	3050894	82181	28866
40	1	1:102712831-108127347	1:104825205-107727330	2.5007	2902073	91172	32925
41	1	1:106646762-110725216	1:107727331-110325149	3.59264	2597748	65420	21401
42	1	1:109652686-113355902	1:110325150-112655858	4.26224	2330684	65332	21401
43	1	1:112051177-116204363	1:112655859-115132092	2.94096	2476226	65831	21401
44	1	1:114651119-118217714	1:115132093-117499227	2.72212	2367120	65144	21401
45	1	1:116915776-144146021	1:117499228-120354458	2.50002	2855187	80229	25962
46	1	1:119160730-147399930	1:120354459-146496774	6.72888	26142238	74923	21401
47	1	1:145948288-152543813	1:146496775-150320956	4.99911	3824117	68006	21401
48	1	1:149286989-154941375	1:150320957-154541324	2.50026	4220344	113964	36328
49	1	1:153203527-158027604	1:154541325-157290280	3.50861	2748943	71760	21401
50	1	1:156784804-159892000	1:157290281-159325221	2.67453	2034910	60742	21401
51	1	1:158723750-162343838	1:159325222-161655533	3.53935	2330274	65939	21401
52	1	1:160662257-164534096	1:161655534-163899411	3.17314	2243837	63059	21401
53	1	1:163289735-167115007	1:163899412-166055454	3.97617	2155978	62918	21401
54	1	1:165358470-168602823	1:166055455-168202698	3.32323	2147199	61544	21401
55	1	1:167633064-171225632	1:168202699-170362405	2.76968	2159673	60906	21401
56	1	1:169078084-175388423	1:170362406-173100336	2.5011	2737894	73067	24893
57	1	1:171806025-177748498	1:173100337-176448187	2.50017	3347843	88978	28357
58	1	1:175568133-180885266	1:176448188-179725996	2.5	3277808	88148	28521
59	1	1:177997350-183143848	1:179725997-182052637	2.84727	2326634	64676	21401
60	1	1:181313091-186173414	1:182052638-184955091	2.50006	2902429	78049	25790
61	1	1:183797693-189552579	1:184955092-187850722	2.50005	2895553	80045	26889
62	1	1:186858893-193506489	1:187850723-192473354	2.51134	4622543	134560	46584
63	1	1:189966028-197871863	1:192473355-195891204	2.5	3417811	96550	32494
64	1	1:193960963-200589521	1:195891205-199922807	2.50003	4031566	108478	35605
65	1	1:198273744-203155254	1:199922808-202160761	4.04413	2237909	63641	21401
66	1	1:201606918-205111193	1:202160762-204500796	3.88165	2340011	65002	21401
67	1	1:204004687-208183730	1:204500797-207233763	4.16887	2732946	65184	21401
68	1	1:206332163-209974834	1:207233764-209574832	3.14032	2341032	64870	21401
69	1	1:208807839-213098848	1:209574833-211793293	2.8253	2218405	63258	21401
70	1	1:210786998-214672430	1:211793294-214140387	2.64468	2347052	63626	21401
71	1	1:213663878-217064077	1:214140388-216397583	2.77936	2257174	62892	21401
72	1	1:215847915-219094815	1:216397584-218478198	2.98138	2080600	60796	21401
73	1	1:217598312-222287519	1:218478199-221108681	2.5	2630467	72605	23886
74	1	1:219923714-224863375	1:221108682-223633120	2.50032	2524425	68654	23182
75	1	1:222747679-229078671	1:223633121-227125401	2.50026	3492279	91818	30430
76	1	1:225964921-230616516	1:227125402-230131016	2.5006	3005603	85858	29582
77	1	1:229255589-232689635	1:230131017-232281303	3.34753	2150231	62908	21401
78	1	1:231529724-234736100	1:232281304-234336089	3.99586	2054738	60439	21401
79	1	1:233735208-236993367	1:234336090-236593345	5.61931	2257244	63847	21401
80	1	1:236081739-239224292	1:236593346-238593434	5.09232	2000062	59796	21596
81	1	1:237897513-241005783	1:238593435-240605800	3.66748	2012326	60546	21401
82	1	1:240094665-243045074	1:240605801-242605888	5.99771	2000055	60165	22207
83	1	1:242139931-245296834	1:242605889-244896880	4.16946	2290934	63790	21401
84	1	1:244426664-247617727	1:244896881-246897030	4.94293	2000051	62975	23608
85	1	1:245967578-249250621	1:246897031-249250621	2.65887	2343457	66559	25926
