0	8	8:1-2411843	8:1-2011803	3.75352	2000058	89922	31704
1	8	8:1611805-4411808	8:2011804-4011809	6.06644	2000000	121427	45337
2	8	8:3611791-6411852	8:4011810-6011864	5.40731	2000035	129217	46182
3	8	8:5525617-8782894	8:6011865-8012736	3.69562	2000829	64478	23578
4	8	8:6763752-10804558	8:8012737-10089402	2.50003	2076635	85537	28402
5	8	8:9114521-12489425	8:10089403-12089451	4.32683	2000014	84547	28766
6	8	8:11689455-15003256	8:12089452-14089508	5.47203	2000018	83378	30714
7	8	8:13492653-16741530	8:14089509-16089553	2.83805	2000033	89493	32412
8	8	8:15663193-18613948	8:16089554-18089563	4.1049	2000007	82818	29819
9	8	8:17486068-20801074	8:18089564-20089587	4.27872	2000020	77909	27698
10	8	8:19520546-22774767	8:20089588-22089617	4.12923	2000026	68943	22923
11	8	8:21667041-25071821	8:22089618-24145398	3.12602	2055754	64611	21601
12	8	8:23286381-27418747	8:24145399-26334836	3.44122	2189396	64199	21601
13	8	8:25832023-29323839	8:26334837-28414217	2.87612	2079271	61788	21601
14	8	8:27934329-31781038	8:28414218-30763249	3.65642	2348936	66225	21601
15	8	8:29785745-37133268	8:30763250-35316458	2.50048	4553201	128063	41939
16	8	8:32450683-38806617	8:35316459-37939292	2.50003	2622816	73355	21822
17	8	8:37417637-41162948	8:37939293-40438360	2.50001	2499048	68689	22323
18	8	8:39784145-52800160	8:40438361-49279116	2.5	8840735	190673	55413
19	8	8:41688163-55264862	8:49279117-54107093	2.50002	4827961	146196	47970
20	8	8:53107855-58198958	8:54107094-56889783	2.50022	2782680	81062	27603
21	8	8:55720007-60016942	8:56889784-59408248	2.50002	2518458	76407	26272
22	8	8:58717143-62989307	8:59408249-62003890	2.50214	2595639	73190	23172
23	8	8:60580487-68438277	8:62003891-66128208	2.50109	4124315	114573	37054
24	8	8:64212838-70084606	8:66128209-69410643	2.50004	3282427	88256	27841
25	8	8:68736266-72288704	8:69410644-71666600	3.25012	2255948	63692	21601
26	8	8:70582668-74970763	8:71666601-73953569	3.93526	2286965	63991	21601
27	8	8:73249111-79347292	8:73953570-77344587	2.50008	3390979	94677	31799
28	8	8:75369122-82230330	8:77344588-81341600	2.5	3996969	108549	35344
29	8	8:80128395-87631540	8:81341601-84855302	2.5	3513686	99582	34370
30	8	8:82880920-92838510	8:84855303-90574393	2.50008	5719046	156079	51402
31	8	8:88537439-95316582	8:90574394-94302847	2.50171	3728415	97742	30365
32	8	8:93448790-97425652	8:94302848-96719482	2.73729	2416629	64911	21601
33	8	8:96214510-99402495	8:96719483-99002488	2.74506	2282992	62283	21601
34	8	8:98158730-102220902	8:99002489-101820904	2.66487	2818388	71874	21601
35	8	8:101420920-105955650	8:101820905-104109892	4.31752	2288916	64129	21601
36	8	8:103575949-109011773	8:104109893-107964899	2.5	3854949	104755	34188
37	8	8:106593563-116096983	8:107964900-113518453	2.5002	5553539	149906	48620
38	8	8:110345323-118471766	8:113518454-117815383	2.50021	4296883	114580	36992
39	8	8:116442230-121739296	8:117815384-120161534	2.73193	2346118	64991	21601
40	8	8:119211475-123551840	8:120161535-122938420	2.50006	2776853	77442	26251
41	8	8:122110847-125827141	8:122938421-125258818	4.53316	2320346	65952	21601
42	8	8:124783698-127776249	8:125258819-127376251	3.62471	2117412	61857	21601
43	8	8:126761833-130380923	8:127376252-129395321	4.74646	2019043	62188	21601
44	8	8:128990804-132359476	8:129395322-131640043	2.50085	2244668	66042	22313
45	8	8:130704882-134328022	8:131640044-133679987	2.86288	2039882	63147	21601
46	8	8:133123137-136208351	8:133679988-135680047	3.61267	2000008	63222	21780
47	8	8:134944111-138802519	8:135680048-137837163	2.50003	2157095	65897	22051
48	8	8:136702605-140237319	8:137837164-139837251	3.58696	2000053	61618	21759
49	8	8:139403058-142428534	8:139837252-141837311	4.09602	2000001	65255	21634
50	8	8:141105398-144499054	8:141837312-143837387	3.76114	2000012	67259	23105
51	8	8:143165052-146364022	8:143837388-146364022	2.61253	2466397	76803	24991
