0	14	14:1-21980504	14:1-21529486	7.08071	2529446	64301	20901
1	14	14:21129498-23989523	14:21529487-23529598	5.5657	2000071	61068	21438
2	14	14:23129527-26338697	14:23529599-25645367	4.45588	2115649	62895	20901
3	14	14:24905565-29120080	14:25645368-27896386	3.3808	2250911	62761	20901
4	14	14:27131406-30998685	14:27896387-30460418	2.50021	2563994	71196	23137
5	14	14:29900075-33176774	14:30460419-32733419	2.67315	2272954	62799	20901
6	14	14:31355536-35859652	14:32733420-34777266	6.99462	2043810	60094	20901
7	14	14:34377245-38335562	14:34777267-37176654	2.50002	2399305	64289	21646
8	14	14:36455701-42699620	14:37176655-40341505	2.5013	3164775	88632	28881
9	14	14:38712153-46111707	14:40341506-44545651	2.50006	4204088	124786	45209
10	14	14:43193844-50355365	14:44545652-49004605	2.50412	4458911	132440	43145
11	14	14:47214405-52211171	14:49004606-51492247	2.50073	2487635	72446	23138
12	14	14:50515179-54357634	14:51492248-53620219	2.51872	2127959	60950	20901
13	14	14:52433235-56593072	14:53620220-55838555	2.86332	2218282	62586	20901
14	14	14:55066933-58640689	14:55838556-57927782	3.31432	2089176	60386	20901
15	14	14:57195138-62220507	14:57927783-61680448	2.50091	3752638	102595	32337
16	14	14:59438292-65267629	14:61680449-63799169	2.77182	2118696	61784	20901
17	14	14:62736694-69120802	14:63799170-67954892	2.50063	4155653	113021	37077
18	14	14:66019254-71168633	14:67954893-70381049	2.50034	2426066	64936	21389
19	14	14:69331373-73273121	14:70381050-72695754	2.87745	2314659	65081	20901
20	14	14:71349543-76071915	14:72695755-75671942	2.50005	2976121	83065	27957
21	14	14:74223968-79027991	14:75671943-77850566	4.30902	2178571	62165	20901
22	14	14:77319014-81805290	14:77850567-80409159	2.50001	2558553	71932	24402
23	14	14:79259398-84272584	14:80409160-83261627	2.5057	2852432	79569	26361
24	14	14:82458885-87127319	14:83261628-86051485	2.50026	2789811	81350	27391
25	14	14:85181390-89599062	14:86051486-88727999	2.50083	2676453	79801	27553
26	14	14:87627596-91276028	14:88728000-90876033	3.69892	2147999	60826	20901
27	14	14:90110379-93407771	14:90876034-92987148	3.60291	2111091	60811	20901
28	14	14:92587138-95448857	14:92987149-95048841	3.43058	2061674	61701	20901
29	14	14:94456060-97591185	14:95048842-97048864	5.86048	2000002	63573	22587
30	14	14:96579097-99499799	14:97048865-99048900	3.84921	2000008	65476	21296
31	14	14:98298451-101497046	14:99048901-101097044	4.22551	2048124	61733	20901
32	14	14:100221935-104542976	14:101097045-103210595	4.15499	2113539	64050	20901
33	14	14:101941672-106266644	14:103210596-105210620	2.94421	2000007	65636	22289
34	14	14:104810602-107349540	14:105210621-107349540	4.59986	2078827	77450	26184
