0	6	6:1-2745803	6:1-2063860	5.96993	2000002	60316	20955
1	6	6:1608727-4657444	6:2063861-4063886	4.61475	2000020	63569	22624
2	6	6:3663781-6463907	6:4063887-6063900	4.61456	2000007	61104	21912
3	6	6:5663903-8870194	6:6063901-8063937	4.49946	2000029	62440	22097
4	6	6:7500499-10493365	6:8063938-10093372	2.71308	2029421	59469	20301
5	6	6:9227289-12493388	6:10093373-12093393	4.11646	2000001	59751	21086
6	6	6:11637678-14686266	6:12093394-14174918	3.43008	2081514	60833	20301
7	6	6:13391806-16704711	6:14174919-16234735	2.88005	2059781	60336	20301
8	6	6:15065925-19561735	6:16234736-18350194	3.13072	2115425	61264	20301
9	6	6:17387077-21290663	6:18350195-20350284	2.87145	2000062	58184	20692
10	6	6:19950200-23311864	6:20350285-22426273	3.48245	2075952	57939	20301
11	6	6:22026261-25151628	6:22426274-24426324	3.36144	2000029	62585	22515
12	6	6:23665907-31020819	6:24426325-29341168	2.50002	4914831	127532	45297
13	6	6:25452228-33818921	6:29341169-32899867	2.50049	3558694	120423	69980
14	6	6:31437195-36344365	6:32899868-35298901	2.5	2399021	70457	26864
15	6	6:33946526-38162408	6:35298902-37421886	2.60025	2122945	59775	20301
16	6	6:36768523-40411665	6:37421887-39452168	2.63894	2030252	58713	20301
17	6	6:38907753-41852236	6:39452169-41452210	2.90724	2000033	60714	20727
18	6	6:40835959-44141196	6:41452211-43741185	4.11383	2288960	62375	20301
19	6	6:42499683-46298269	6:43741186-45774769	3.65694	2033568	58329	20301
20	6	6:44521231-50417139	6:45774770-47974725	2.5	2199921	65399	21792
21	6	6:46940428-53279413	6:47974726-52593018	2.50005	4618269	134441	44066
22	6	6:51708565-56157191	6:52593019-54593095	2.50734	2000043	59615	20671
23	6	6:53433431-67037837	6:54593096-65527599	2.50037	10934463	240992	79986
24	6	6:57216273-70743775	6:65527600-69075634	2.50091	3548024	112907	40494
25	6	6:67548514-73694834	6:69075635-72452122	2.50067	3376473	97476	32600
26	6	6:71079009-77416755	6:72452123-75845174	2.5	3393032	96794	33118
27	6	6:74028726-82390960	6:75845175-80416143	2.50008	4570934	133613	46689
28	6	6:78537039-86955564	6:80416144-84937362	2.50069	4521194	129457	44283
29	6	6:82954256-89310385	6:84937363-88819528	2.50153	3882158	119232	38817
30	6	6:88419402-91628674	6:88819529-91046832	2.7336	2227295	60712	20301
31	6	6:90314780-94329123	6:91046833-93200667	2.67825	2153833	61595	20301
32	6	6:91843309-97541912	6:93200668-95999062	2.5	2798326	77826	27032
33	6	6:95173566-100796076	6:95999063-99739955	2.5	3740811	97588	30873
34	6	6:98800518-104215164	6:99739956-102637706	2.50144	2897736	77733	26474
35	6	6:101864122-106317375	6:102637707-105900629	2.50002	3262904	91885	31726
36	6	6:104682925-108854121	6:105900630-108064708	4.09564	2164056	59551	20301
37	6	6:107320898-111604012	6:108064709-110364212	2.50001	2299491	60723	20693
38	6	6:109259043-115060391	6:110364213-113567439	2.50056	3203216	84063	27391
39	6	6:112358631-120219913	6:113567440-118100364	2.50044	4532909	121777	40506
40	6	6:116575276-123856166	6:118100365-123076422	2.50188	4976019	134444	46797
41	6	6:121249686-125714183	6:123076423-125149604	3.47613	2073147	58625	20301
42	6	6:124592154-129713785	6:125149605-128341442	2.50017	3191827	81716	25230
43	6	6:126217213-131694390	6:128341443-130781928	2.50003	2440444	67369	22714
44	6	6:130006870-133804962	6:130781929-132859536	2.52956	2077563	58784	20301
45	6	6:132203720-136224933	6:132859537-134903541	3.30568	2043997	57443	20301
46	6	6:134484242-138023048	6:134903542-137469935	2.50131	2566388	69088	22537
47	6	6:136571128-139880894	6:137469936-139480939	3.36943	2010941	58859	20301
48	6	6:138808002-143721414	6:139480940-142868104	2.50189	3387079	90820	29064
49	6	6:140188838-147014528	6:142868105-145067093	2.87308	2198951	59929	20301
50	6	6:144320526-148837569	6:145067094-148291727	2.50002	3224616	87882	29274
51	6	6:147482096-150726302	6:148291728-150291767	2.88945	2000013	57625	20353
52	6	6:149202711-152691905	6:150291768-152291868	4.21291	2000059	60065	22423
53	6	6:151626222-154790573	6:152291869-154291910	3.13268	2000001	57990	20636
54	6	6:153644789-156823351	6:154291911-156292068	3.89902	2000126	57574	20348
55	6	6:155649801-159554157	6:156292069-158465470	3.26045	2173392	60098	20301
56	6	6:157886802-161705344	6:158465471-160678833	2.50017	2213327	67651	23510
57	6	6:159862439-163621311	6:160678834-162678876	3.87083	2000006	61124	21983
58	6	6:162255712-165078996	6:162678877-164678955	3.63541	2000064	60623	21440
59	6	6:164278951-167079074	6:164678956-166679092	4.24384	2000107	61358	21637
60	6	6:166190937-169381523	6:166679093-168679203	5.23187	2000080	64468	24217
61	6	6:168279216-171115067	6:168679204-171115067	3.47278	2374190	72883	27630
