0	21	21:1-16340017	21:1-15939980	2.71295	6528733	74369	22101
1	21	21:15358732-18802018	21:15939981-18122083	6.73013	2182090	65496	22101
2	21	21:17722079-20739784	21:18122084-20122110	4.50505	2000012	62089	22510
3	21	21:19608979-22527347	21:20122111-22122149	3.77127	2000023	63959	23476
4	21	21:21722046-25088427	21:22122150-24122183	3.01033	2000009	63057	22285
5	21	21:23322035-27540961	21:24122184-26122242	2.99728	2000039	65486	24023
6	21	21:25508553-28822300	21:26122243-28422301	3.25933	2300047	65703	22101
7	21	21:28022267-31550639	21:28422302-30545863	2.92436	2123520	62450	22101
8	21	21:29313354-33333523	21:30545864-32747531	2.51201	2201626	64440	22101
9	21	21:32215372-35723364	21:32747532-35137087	3.44249	2389519	67393	22101
10	21	21:34376986-38072495	21:35137088-37401421	4.23275	2264307	66027	22101
11	21	21:36530075-40090458	21:37401422-39690448	3.44812	2289023	66606	22101
12	21	21:39101871-42182182	21:39690449-41745911	4.94318	2055448	62454	22101
13	21	21:41345773-44181555	21:41745912-43745996	6.78597	2000074	63987	23024
14	21	21:43345993-46175926	21:43745997-45746035	3.50206	2000028	65875	22568
15	21	21:44815868-48129895	21:45746036-48129895	4.04206	2373695	83837	29056
