0	2	2:1-2534010	2:1-2010187	2.59837	2000005	65031	24728
1	2	2:1428913-4475278	2:2010188-4010295	8.06877	2000086	65042	22456
2	2	2:3382150-6688706	2:4010296-6097543	6.00442	2087227	63636	22301
3	2	2:5697514-8587843	2:6097544-8187828	4.88165	2090283	65653	22301
4	2	2:7787651-10811878	2:8187829-10411869	5.09164	2224025	66622	22301
5	2	2:9955783-13068585	2:10411870-12448769	5.60347	2036884	63392	22301
6	2	2:11946528-15304958	2:12448770-14643686	2.50264	2194913	65047	22301
7	2	2:13622870-18142973	2:14643687-16861960	4.22112	2218271	64965	22301
8	2	2:16406751-20060384	2:16861961-19261666	2.56024	2399702	66478	22301
9	2	2:18504212-22573144	2:19261667-21533124	3.46519	2271437	66995	22301
10	2	2:20807253-26163025	2:21533125-23950124	3.15925	2416978	71255	22301
11	2	2:23357193-29256026	2:23950125-28601111	2.50077	4650961	121496	35982
12	2	2:26773961-31283019	2:28601112-30793011	3.79967	2191828	66645	22301
13	2	2:30393032-33731946	2:30793012-33325255	2.50002	2532183	76233	24647
14	2	2:31454499-36358944	2:33325256-35325306	3.10987	2000006	71841	26500
15	2	2:34309083-37960912	2:35325307-37325361	2.55057	2000015	66758	23292
16	2	2:36683708-40507246	2:37325362-39325386	2.7951	2000016	67730	22765
17	2	2:38255636-43130595	2:39325387-42089405	2.50298	2764013	96696	31611
18	2	2:40879589-45198015	2:42089406-44272090	2.5001	2182676	73444	23814
19	2	2:43345788-46915311	2:44272091-46379745	3.75898	2107645	69265	22301
20	2	2:45979745-49558616	2:46379746-48395162	3.26925	2015412	68143	22301
21	2	2:47549672-52510426	2:48395163-51125950	2.50002	2730782	91325	28866
22	2	2:50166822-55134460	2:51125951-53764241	2.5	2638284	93548	32756
23	2	2:53354668-59203455	2:53764242-57216258	2.50008	3451975	111273	36079
24	2	2:56133540-62551342	2:57216259-60573501	2.50001	3357202	102952	32990
25	2	2:59544669-65716923	2:60573502-65046833	2.50004	4473313	121731	34584
26	2	2:64300093-68035611	2:65046834-67387651	3.44659	2340775	67726	22301
27	2	2:66725712-70943629	2:67387652-69594022	3.33752	2206317	65491	22301
28	2	2:69033717-72388815	2:69594023-71849300	2.51836	2255241	65520	22301
29	2	2:71180328-75393144	2:71849301-74599680	2.77269	2750324	73760	22301
30	2	2:73529015-77540485	2:74599681-76812222	2.72763	2212493	65467	22301
31	2	2:75678668-79633152	2:76812223-79011883	2.50401	2199650	70935	24741
32	2	2:77699738-83858885	2:79011884-81098238	3.37686	2086308	64272	22301
33	2	2:80227071-87059271	2:81098239-85663999	2.50003	4565711	128923	43103
34	2	2:84555869-89380862	2:85664000-88764529	3.76987	3100423	68163	22301
35	2	2:88152980-101555640	2:88764530-100199953	2.50004	11435329	174925	47540
36	2	2:95697844-105100283	2:100199954-103587235	2.50018	3387273	96649	32256
37	2	2:102244088-106589997	2:103587236-106062091	2.50019	2474823	71327	22603
38	2	2:105279323-109627718	2:106062092-108365152	2.50008	2303010	68710	23408
39	2	2:107046042-112247101	2:108365153-111715909	3.84943	3350723	70595	22301
40	2	2:110696980-115579452	2:111715910-114396965	3.01869	2681047	66231	22301
41	2	2:113470446-119582731	2:114396966-118470062	2.5	4073092	118788	39887
42	2	2:116550149-121500139	2:118470063-121100121	2.50099	2630022	73663	24065
43	2	2:119878607-125056497	2:121100122-123412997	3.86441	2312843	68086	22301
44	2	2:122037766-127927185	2:123412998-127443919	2.5014	4030914	122106	41975
45	2	2:125569042-130527961	2:127443920-129576657	2.81825	2132694	64938	22301
46	2	2:129175359-133197169	2:129576658-132691512	2.50038	3114792	88650	30960
47	2	2:131303910-135758315	2:132691513-134905677	3.99228	2214135	64339	22301
48	2	2:134231203-139202987	2:134905678-138075470	2.50095	3169761	86865	29054
49	2	2:137041744-142172366	2:138075471-141233313	2.50015	3157793	90670	31121
50	2	2:139574337-144696968	2:141233314-143894584	2.5005	2661237	77711	27484
51	2	2:142593508-149033075	2:143894585-147094377	2.5	3199774	83167	23964
52	2	2:145305112-151660859	2:147094378-151189790	2.5	4095399	104776	32027
53	2	2:149593531-154994456	2:151189791-153882181	2.50008	2692382	73256	23896
54	2	2:152046064-158297276	2:153882182-157065991	2.50006	3183752	85312	27567
55	2	2:155363336-161888999	2:157065992-159735415	2.85268	2669366	70601	22301
56	2	2:158769162-165837677	2:159735416-164478822	2.50046	4743403	125461	39094
57	2	2:163358718-168994825	2:164478823-168327148	2.50014	3848318	102871	34882
58	2	2:166536281-171225286	2:168327149-170623534	3.24657	2296377	65027	22301
59	2	2:169968631-173788261	2:170623535-173031628	3.27328	2408043	64457	22301
60	2	2:171666999-176738751	2:173031629-175387365	3.89099	2355682	64225	22301
61	2	2:174552007-179858447	2:175387366-177889819	2.77057	2502445	67419	22301
62	2	2:177333019-182297812	2:177889820-180886526	2.5	2996701	80838	26598
63	2	2:180278197-186245161	2:180886527-184339382	2.5016	3452850	94900	30937
64	2	2:182849516-192030690	2:184339383-190794899	2.50014	6455488	172404	55220
65	2	2:188482024-195574414	2:190794900-193402378	3.69345	2607444	69063	22301
66	2	2:192800233-199311914	2:193402379-197485553	2.5	4083122	108961	35456
67	2	2:196284761-203654448	2:197485554-202176876	2.5	4691236	117757	35614
68	2	2:199729677-206278747	2:202176877-205378184	2.50002	3201254	82270	24080
69	2	2:204978138-208718849	2:205378185-207901826	3.67609	2523611	69547	22301
70	2	2:206801726-212373473	2:207901827-210844169	2.50272	2942319	80780	27207
71	2	2:209103260-213927673	2:210844170-213151642	2.50035	2307458	67134	22595
72	2	2:212415049-216779706	2:213151643-216134099	2.5	2982398	83187	27504
73	2	2:215007717-218877698	2:216134100-218456840	4.29776	2322684	65967	22301
74	2	2:217857623-221726039	2:218456841-221004421	3.71201	2547546	71061	22301
75	2	2:220600293-224179414	2:221004422-223363050	3.86595	2358582	67587	22301
76	2	2:222860415-226675780	2:223363051-225832517	2.50031	2469428	69254	23536
77	2	2:224581753-228668414	2:225832518-228268386	3.38074	2435848	67917	22301
78	2	2:227664851-231234278	2:228268387-230424130	3.42332	2155726	63861	22301
79	2	2:229922151-233533972	2:230424131-232697263	3.38036	2273113	66031	22301
80	2	2:231842715-235370518	2:232697264-234970580	3.3786	2273243	67397	22301
81	2	2:234570651-237517138	2:234970581-236970670	6.05588	2000010	65471	23592
82	2	2:236376085-239775252	2:236970671-238970687	3.90295	2000003	63586	22723
83	2	2:238481834-241382104	2:238970688-240982105	4.57727	2011411	65375	22301
84	2	2:240582104-243199373	2:240982106-243199373	3.60416	2206261	69610	24265
