0	22	22:1-18903091	22:1-18503058	6.71489	2452978	61851	22001
1	22	22:18042886-21417823	22:18503059-20986088	7.69216	2483012	63387	22001
2	22	22:20509126-23681513	22:20986089-23163482	4.88853	2177374	60526	22001
3	22	22:22763490-25605328	22:23163483-25163550	3.49019	2000019	64912	22669
4	22	22:24098259-27563672	22:25163551-27163616	5.07047	2000022	61464	22222
5	22	22:26728263-31183967	22:27163617-29561655	5.9146	2397987	66772	22001
6	22	22:28146782-33446162	22:29561656-32902913	2.50003	3341181	92476	29829
7	22	22:32326029-35840396	22:32902914-34984967	3.66067	2082018	63361	22001
8	22	22:34125566-37578337	22:34984968-37178320	4.09628	2193342	67454	22001
9	22	22:36713795-40014452	22:37178321-39380823	4.43954	2202431	66746	22001
10	22	22:38709825-43715012	22:39380824-43107859	2.50003	3726945	105693	32015
11	22	22:40377884-45507925	22:43107860-45107935	4.98319	2000044	65430	23083
12	22	22:44707911-47594626	22:45107936-47107988	5.33778	2000033	70601	24884
13	22	22:46707954-49508093	22:47107989-49108089	6.61729	2000086	74785	26880
14	22	22:48708070-51304566	22:49108090-51304566	6.23205	2136143	79044	29080
