0	11	11:1-2473024	11:1-2073022	3.60469	2000004	67647	22516
1	11	11:1672990-4786802	11:2073023-4073139	5.13281	2000110	67192	23952
2	11	11:3508147-6473203	11:4073140-6073204	3.45705	2000039	69498	27315
3	11	11:5580843-8473237	11:6073205-8073316	4.56269	2000011	62527	22405
4	11	11:7619549-11108490	11:8073317-10517007	2.50008	2443597	71331	23664
5	11	11:9093942-13065942	11:10517008-12517075	5.21678	2000053	60962	21602
6	11	11:12117039-15914400	11:12517076-15128245	2.50103	2611149	72457	22776
7	11	11:13372364-18278063	11:15128246-17579628	2.50098	2451351	66396	20677
8	11	11:16842998-20048239	11:17579629-19648252	3.3135	2068581	60657	20001
9	11	11:19248261-22487035	11:19648253-21648358	5.89998	2000068	61737	22078
10	11	11:21248352-24730250	11:21648359-23867585	2.50012	2219212	68171	25770
11	11	11:22882374-27019934	11:23867586-25867607	2.75525	2000010	65730	25039
12	11	11:24892747-32027648	11:25867608-29823720	2.50049	3956101	109076	35417
13	11	11:27750864-33931212	11:29823721-33385431	2.50101	3561683	93801	28602
14	11	11:32225404-35874722	11:33385432-35436404	3.96358	2050938	59246	20001
15	11	11:34660518-39668256	11:35436405-37457315	3.78872	2020897	58274	20001
16	11	11:36745840-42508210	11:37457316-40836837	2.50012	3379517	100851	35547
17	11	11:40127782-44692326	11:40836838-44292297	2.50369	3455455	103614	34730
18	11	11:43216358-58032979	11:44292298-46488093	3.50918	2195755	62620	20001
19	11	11:45083670-61278478	11:46488094-60522741	2.50107	14034582	351019	115470
20	11	11:59040676-63925026	11:60522742-62872013	2.90218	2349229	64976	20001
21	11	11:61984777-68807462	11:62872014-67449965	2.50023	4577930	126539	36662
22	11	11:64693921-69981337	11:67449966-69581342	2.50072	2131337	68717	23101
23	11	11:69078764-72952601	11:69581343-71581441	3.06122	2000062	67189	23576
24	11	11:70801302-76035885	11:71581442-75005215	2.50004	3423766	91749	28647
25	11	11:73336548-78705192	11:75005216-77727682	2.50037	2722446	74779	23889
26	11	11:76431478-80292182	11:77727683-79727721	3.2706	2000018	61510	20595
27	11	11:79021102-83532940	11:79727722-81727758	2.50043	2000016	62418	21979
28	11	11:80721088-87135519	11:81727759-85902877	2.50052	4175075	120981	38516
29	11	11:83984167-90969158	11:85902878-88620311	2.5	2717358	82397	28622
30	11	11:87621082-94035520	11:88620312-92665687	2.50102	4045255	115759	39358
31	11	11:91680589-95564911	11:92665688-95164808	2.50182	2499045	69972	24019
32	11	11:94563731-98705977	11:95164809-97272741	3.30792	2107931	57993	20001
33	11	11:96535909-100992855	11:97272742-99882230	2.50167	2609474	84399	30871
34	11	11:99041720-103768632	11:99882231-102669707	2.50034	2787454	83490	27979
35	11	11:101399269-107346471	11:102669708-106261777	2.50014	3592059	99113	33914
36	11	11:104089833-110218774	11:106261778-109144803	2.50014	2883015	80427	26671
37	11	11:107842706-112756670	11:109144804-111783372	2.50011	2638515	73711	22922
38	11	11:110828041-114397947	11:111783373-113997901	2.67511	2214484	62411	20001
39	11	11:113195804-116537228	11:113997902-116137200	3.54091	2139256	61411	20001
40	11	11:115620223-119254978	11:116137201-118137328	4.32825	2000036	60740	20628
41	11	11:117709209-120756337	11:118137329-120356357	2.50014	2218939	62701	20613
42	11	11:119697762-122960409	11:120356358-122560420	4.15762	2204000	61657	20001
43	11	11:121833647-125050113	11:122560421-124560470	4.10751	2000004	59089	21394
44	11	11:123771837-127316385	11:124560471-126674399	3.63396	2113899	61434	20001
45	11	11:126274395-129454279	11:126674400-128772929	3.98424	2098520	61834	20001
46	11	11:128372833-131180633	11:128772930-130780605	3.7851	2007663	59533	20001
47	11	11:130380607-133180652	11:130780606-132780640	4.66228	2000002	65674	22297
48	11	11:132276503-135006516	11:132780641-135006516	5.56796	2165790	71751	24464
