0	9	9:1-2410332	9:1-2010328	5.55845	2000000	84249	30735
1	9	9:1610271-4410368	9:2010329-4010365	5.27857	2000035	74782	25302
2	9	9:3610352-6859113	9:4010366-6010391	4.11648	2000007	77187	25150
3	9	9:5086376-8435734	9:6010392-8010456	3.7972	2000043	76664	26281
4	9	9:7610454-10517490	9:8010457-10010493	4.62118	2000014	80265	27555
5	9	9:9483685-12832658	9:10010494-12274338	2.50022	2263825	89499	31757
6	9	9:10764435-14674419	9:12274339-14274415	4.36285	2000023	70458	22912
7	9	9:13870954-16851000	9:14274416-16274502	4.56633	2000012	71698	23884
8	9	9:15874493-18807542	9:16274503-18274542	2.67255	2000003	72800	25117
9	9	9:17599666-21143318	9:18274543-20274579	3.50349	2000014	71741	23914
10	9	9:19667015-23089192	9:20274580-22274676	2.66673	2000061	65434	20761
11	9	9:21874626-25004851	9:22274677-24274724	2.87992	2000008	70434	22797
12	9	9:23558679-27217544	9:24274725-26274841	3.36131	2000054	69113	23409
13	9	9:25734140-29062762	9:26274842-28274941	3.66367	2000019	64716	22534
14	9	9:27723546-32579956	9:28274942-31522241	2.50005	3247208	100431	36836
15	9	9:29736183-35918800	9:31522242-33578506	2.50248	2056182	59159	21044
16	9	9:32813905-37898229	9:33578507-36912212	2.50002	3333666	87544	27102
17	9	9:36512219-70354278	9:36912213-39119305	3.27171	2207062	57445	20001
18	9	9:38558674-72343333	9:39119306-71223819	2.5	32104489	95221	30246
19	9	9:70558012-74944268	9:71223820-74248730	2.50014	3024863	81466	27382
20	9	9:73184618-77870818	9:74248731-77276999	2.50017	3028231	79823	25702
21	9	9:76186515-79721215	9:77277000-79286222	4.5163	2009213	56849	20001
22	9	9:78886207-81868363	9:79286223-81286277	2.92588	2000032	58822	20378
23	9	9:80749306-84236445	9:81286278-83286339	2.73469	2000035	59534	20671
24	9	9:82420647-86066034	9:83286340-85519300	2.68687	2232941	60903	20001
25	9	9:84425800-88115784	9:85519301-87684067	3.01194	2164756	59599	20001
26	9	9:86923926-90217562	9:87684068-89784543	2.92178	2100463	59173	20001
27	9	9:89172309-92678976	9:89784544-91784615	3.33994	2000056	60698	21935
28	9	9:91187962-95579077	9:91784616-93949335	3.21795	2164698	58577	20001
29	9	9:93398555-98832826	9:93949336-97416754	2.5005	3467395	96023	31349
30	9	9:96070587-101587018	9:97416755-100921751	2.50298	3504977	93079	30195
31	9	9:99083694-104624823	9:100921752-103872677	2.50838	2950909	78772	24326
32	9	9:101766465-107579373	9:103872678-106285798	2.5	2413089	74078	26715
33	9	9:105035840-109384132	9:106285799-108285892	2.60387	2000023	58621	21527
34	9	9:107675988-110747400	9:108285893-110347391	2.87225	2061456	59329	20001
35	9	9:109947326-112805695	9:110347392-112347448	3.13608	2000013	61545	20940
36	9	9:111501078-115392646	9:112347449-114347570	2.8706	2000058	57229	20087
37	9	9:113332839-116917907	9:114347571-116517910	3.38722	2170308	58615	20001
38	9	9:116117899-119041036	9:116517911-118626324	3.25104	2108384	60219	20001
39	9	9:117541765-121546113	9:118626325-120825133	3.11359	2198756	62043	20001
40	9	9:119838525-124679743	9:120825134-123088440	3.80467	2263264	64532	20001
41	9	9:122619100-126752989	9:123088441-125464376	2.5	2375919	64167	20444
42	9	9:124961246-129080372	9:125464377-128159054	2.5	2694664	74248	22457
43	9	9:126943883-131806019	9:128159055-130679031	2.50029	2519970	68603	21341
44	9	9:129479801-133223081	9:130679032-132707541	3.51469	2028505	60280	20001
45	9	9:132305816-135322117	9:132707542-134825810	4.89474	2118258	60923	20001
46	9	9:134215982-137225866	9:134825811-136825853	4.66971	2000020	64340	22098
47	9	9:136423267-139225896	9:136825854-138825913	8.87692	2000008	72832	26618
48	9	9:138425930-141213431	9:138825914-141213431	4.71458	2322904	77451	24434
