0	15	15:1-24325288	15:1-23925289	20.1304	3925238	65654	21301
1	15	15:23514710-26325321	15:23925290-25925322	3.97676	2000006	70141	27336
2	15	15:25524811-28704416	15:25925323-27925389	7.04201	2000050	61797	21948
3	15	15:27525322-31513314	15:27925390-30310359	4.23624	2384949	61246	21301
4	15	15:29731632-33598892	15:30310360-33198888	5.43058	2888488	63676	21301
5	15	15:32798848-36046462	15:33198889-35198989	5.21826	2000072	60178	21851
6	15	15:34798993-38329343	15:35198990-37598404	4.16196	2399394	63452	21301
7	15	15:37179761-40551942	15:37598405-39700773	3.87906	2102342	62174	21301
8	15	15:39235413-45414604	15:39700774-42440778	2.50114	2739964	78492	24540
9	15	15:41086362-47938930	15:42440779-46828509	2.50348	4387691	115515	35798
10	15	15:46033634-51606771	15:46828510-49374829	2.75233	2546296	67954	21301
11	15	15:48388235-54207777	15:49374830-53476478	2.5	4101637	113797	37036
12	15	15:52589364-57604341	15:53476479-55878666	2.50082	2402165	77685	28062
13	15	15:54509449-58700034	15:55878667-58090726	2.50001	2212032	66883	21668
14	15	15:57673663-60694886	15:58090727-60090748	3.36399	2000015	66955	21674
15	15	15:59606445-63000043	15:60090749-62163886	4.29668	2073123	63483	21301
16	15	15:61668453-65696478	15:62163887-64333353	2.50002	2169445	65208	21481
17	15	15:63218309-67468121	15:64333354-67061930	2.50011	2728548	74901	24108
18	15	15:66447971-70210315	15:67061931-69407479	3.53702	2345528	64796	21301
19	15	15:68896194-73097722	15:69407480-71798987	3.86354	2391504	67089	21301
20	15	15:71046077-78220774	15:71798988-75680632	2.5	3881604	100070	30130
21	15	15:74070473-79743081	15:75680633-79343093	2.50002	3662399	101876	33312
22	15	15:78676251-82190198	15:79343094-81390969	4.04008	2047817	61162	21301
23	15	15:80990947-86876416	15:81390970-86085921	2.50049	4694899	106916	32687
24	15	15:83613907-88852097	15:86085922-88085966	2.8376	2000017	70508	24326
25	15	15:87430474-90630585	15:88085967-90085995	4.0675	2000004	66443	22263
26	15	15:89582085-92490273	15:90085996-92086035	3.76063	2000013	62573	21912
27	15	15:91621525-94550594	15:92086036-94086120	6.81731	2000054	67043	24059
28	15	15:93686085-96608163	15:94086121-96115644	6.01937	2029496	63226	21301
29	15	15:95715591-98690852	15:96115645-98290861	6.14922	2175195	64408	21301
30	15	15:97890850-100700547	15:98290862-100290931	4.88466	2000031	65373	22397
31	15	15:99631338-102531392	15:100290932-102531392	6.40869	2230102	76977	28471
