0	18	18:1-2410680	18:1-2010665	4.88828	2000021	58296	21337
1	18	18:1471102-4410742	18:2010666-4010753	6.76996	2000012	59355	21915
2	18	18:3610795-6419558	18:4010754-6010904	6.14051	2000055	60502	21373
3	18	18:5610916-8416120	18:6010905-8010967	6.25811	2000004	60330	21572
4	18	18:7385184-10411248	18:8010968-10011255	5.54019	2000213	60891	21549
5	18	18:9611244-13182096	18:10011256-12011304	6.5186	2000001	64751	23889
6	18	18:11611279-15030911	18:12011305-14069662	2.82377	2058346	61094	21301
7	18	18:13451901-21799924	18:14069663-20293438	2.50009	6223727	90246	29523
8	18	18:19691510-23409513	18:20293439-22749104	2.50056	2455606	66242	22116
9	18	18:21972990-25928468	18:22749105-25086936	3.13327	2337812	63526	21301
10	18	18:24341047-29001457	18:25086937-28111063	2.5	3024111	84493	27346
11	18	18:27016942-32342307	18:28111064-30319752	2.62482	2208676	62626	21301
12	18	18:29428581-35209156	18:30319753-34022991	2.50001	3703216	98109	30770
13	18	18:33017022-39250528	18:34022992-37782973	2.50002	3759947	102630	31085
14	18	18:36015558-42733859	18:37782974-41269812	2.5002	3486816	101130	31799
15	18	18:39467386-44939603	18:41269813-43945941	2.50052	2676092	76894	24306
16	18	18:43051021-46603219	18:43945942-46203196	3.52296	2257222	64732	21301
17	18	18:45718078-49076765	18:46203197-48311663	3.12533	2108404	63784	21301
18	18	18:47590743-52824492	18:48311664-50747095	2.50001	2435291	73984	24719
19	18	18:49703868-55438626	18:50747096-54659753	2.50002	3912578	102952	33198
20	18	18:53765634-57215059	18:54659754-56780009	3.96992	2120223	61366	21301
21	18	18:56155505-59237775	18:56780010-58780076	3.09653	2000010	61746	21418
22	18	18:57630616-61817904	18:58780077-61130500	4.14445	2350387	65423	21301
23	18	18:60730485-64708290	18:61130501-63189775	2.89636	2059261	61776	21301
24	18	18:62354153-66125486	18:63189776-65508624	2.50021	2318811	68544	24441
25	18	18:64888860-68047047	18:65508625-67514884	3.76239	2006181	59743	21301
26	18	18:67076802-70191500	18:67514885-69557948	3.31047	2043010	59966	21301
27	18	18:69052345-71958106	18:69557949-71558083	4.93713	2000122	61665	22614
28	18	18:71158065-74079322	18:71558084-73619094	4.72283	2061006	62597	21301
29	18	18:73098708-76019111	18:73619095-75619101	6.12972	2000001	65357	24166
30	18	18:75219103-78077248	18:75619102-78077248	4.39066	2398051	82373	29411
