0	7	7:1-2734325	7:1-2014842	3.43644	2000002	80983	29396
1	7	7:1356327-4426935	7:2014843-4014977	2.99559	2000097	84090	28856
2	7	7:3079630-6902191	7:4014978-6015227	4.69855	2000160	79751	28296
3	7	7:5496617-8415364	7:6015228-8015357	3.79381	2000019	71872	25774
4	7	7:7615376-11244926	7:8015358-10015394	5.02583	2000009	72241	26275
5	7	7:9387361-12820566	7:10015395-12076877	2.50003	2061479	68928	24594
6	7	7:11544640-14476928	7:12076878-14076904	3.15753	2000020	70845	26344
7	7	7:13676899-16737167	7:14076905-16077014	3.70753	2000086	68584	24089
8	7	7:15337060-18936033	7:16077015-18123190	3.09575	2046127	66076	22501
9	7	7:17486086-20738278	7:18123191-20165079	3.30848	2041832	68708	22501
10	7	7:19379522-22862203	7:20165080-22165177	3.82017	2000069	66660	22827
11	7	7:21765174-25256704	7:22165178-24432152	2.50002	2266972	66171	23053
12	7	7:23472234-28119982	7:24432153-26709126	3.24369	2276972	66158	22501
13	7	7:25910589-29547899	7:26709127-29136479	3.33877	2427346	66466	22501
14	7	7:28712564-32134552	7:29136480-31525118	3.99907	2388610	67836	22501
15	7	7:31005475-34308948	7:31525119-33736573	2.63037	2211422	62637	22501
16	7	7:32457845-36636354	7:33736574-36206143	2.50002	2469529	69647	22787
17	7	7:34940596-39122560	7:36206144-38436162	4.00801	2229986	63446	22501
18	7	7:37909827-41746293	7:38436163-41000953	2.64897	2564771	67153	22501
19	7	7:40548273-44365456	7:41000954-43304405	3.07339	2303430	66916	22501
20	7	7:42457663-46814979	7:43304406-45884226	2.50016	2579789	71433	23448
21	7	7:45007419-49417503	7:45884227-48009719	3.05677	2125450	64862	22501
22	7	7:47516303-51840497	7:48009720-50899183	2.50041	2889441	83666	28552
23	7	7:49824126-55116633	7:50899184-53459542	2.5	2560342	82029	30525
24	7	7:52379126-65768012	7:53459543-57150560	2.50024	3691005	107299	39154
25	7	7:55359484-68730828	7:57150561-68027122	2.50011	10876534	235897	83785
26	7	7:67346028-71238132	7:68027123-70639195	2.5002	2612032	73510	23806
27	7	7:70106904-74015153	7:70639196-73390131	2.5002	2750909	74472	23885
28	7	7:71999248-77665144	7:73390132-76723570	3.7917	3333425	68766	22501
29	7	7:75382782-80059737	7:76723571-79090784	3.56414	2367209	66879	22501
30	7	7:78233992-82074219	7:79090785-81315628	3.07464	2224838	64147	22501
31	7	7:80613209-85572182	7:81315629-83674479	2.79748	2358844	65433	22501
32	7	7:82718315-89770192	7:83674480-88663725	2.50004	4989242	134662	44040
33	7	7:86992985-92986602	7:88663726-92042142	2.50006	3378407	92536	30199
34	7	7:90741215-95759484	7:92042143-94945977	3.03131	2903761	72479	22501
35	7	7:93577336-98165350	7:94945978-97442201	2.7308	2496157	66393	22501
36	7	7:96612075-101730352	7:97442202-100738536	2.50001	3296327	91954	28125
37	7	7:98449130-105098070	7:100738537-103580317	2.50018	2841741	75320	25944
38	7	7:102412477-106414527	7:103580318-105948651	2.90639	2368294	67576	22501
39	7	7:105548601-109817717	7:105948652-108408329	3.51705	2459656	69686	22501
40	7	7:107605047-112725349	7:108408330-111665972	2.50003	3257596	94122	31242
41	7	7:110312734-116346482	7:111665973-115229919	2.50001	3563911	92331	28726
42	7	7:113343692-121378898	7:115229920-120015436	2.50008	4785505	123382	37935
43	7	7:117215970-126645901	7:120015437-124927782	2.5004	4912304	129761	41033
44	7	7:122260343-129853770	7:124927783-128561610	2.50108	3633774	99580	33502
45	7	7:127795353-131841168	7:128561611-131329924	3.58394	2768293	70497	22501
46	7	7:130801972-134992647	7:131329925-133971121	2.50038	2641185	73092	23183
47	7	7:132085488-137490886	7:133971122-136418739	2.81094	2447595	67652	22501
48	7	7:135716061-139234180	7:136418740-138671044	3.99062	2252269	65322	22501
49	7	7:138270999-141794322	7:138671045-141188981	3.96454	2517882	68550	22501
50	7	7:140180905-144671525	7:141188982-143932698	2.71513	2743648	66575	22501
51	7	7:142846184-147219169	7:143932699-146576239	2.50092	2643499	75048	25992
52	7	7:145171017-149363622	7:146576240-148576259	3.69525	2000011	62628	22720
53	7	7:148035570-151028657	7:148576260-150576900	3.42139	2000608	60326	22501
54	7	7:149940828-153232613	7:150576901-152753030	5.96448	2176099	65746	22501
55	7	7:152353014-155153194	7:152753031-154753159	6.00894	2000117	60643	23032
56	7	7:154270582-157465792	7:154753160-156753209	6.12105	2000008	66007	24240
57	7	7:156066308-159138663	7:156753210-159138663	3.9809	2375324	85276	32665
