0	4	4:1-3606205	4:1-2307011	2.50011	2296809	76966	25052
1	4	4:1518389-4779462	4:2307012-4307036	5.5135	2000006	76392	28232
2	4	4:3905469-6707170	4:4307037-6307102	6.28117	2000033	71332	26118
3	4	4:5907112-8707133	4:6307103-8307134	8.07776	2000005	76873	27715
4	4	4:7907147-11191796	4:8307135-10307153	3.48634	2000003	85910	32201
5	4	4:9175372-13536724	4:10307154-12324053	2.50092	2016897	68444	23500
6	4	4:11490271-14966913	4:12324054-14324061	2.55721	2000007	64155	21594
7	4	4:13809527-16814692	4:14324062-16403210	2.55648	2079147	60427	20001
8	4	4:15850288-20089336	4:16403211-18472875	2.83879	2069630	59624	20001
9	4	4:17293733-22395665	4:18472876-21412937	2.50019	2940022	87676	31023
10	4	4:20486245-24317306	4:21412938-23774739	2.50119	2361779	70644	24878
11	4	4:22753009-26174799	4:23774740-25774802	4.43515	2000042	59196	20485
12	4	4:25374713-28937431	4:25774803-27858903	3.58562	2084090	59801	20001
13	4	4:27263488-31317004	4:27858904-30365636	2.5	2506723	77515	26583
14	4	4:29575657-33391203	4:30365637-32594835	2.50052	2229142	68818	24076
15	4	4:31762083-36673863	4:32594836-35561221	2.50004	2966324	90667	29897
16	4	4:34346854-38239766	4:35561222-37765385	2.5001	2204143	66051	24342
17	4	4:37295330-40432027	4:37765386-39798909	2.9663	2033509	57285	20001
18	4	4:38905602-42904834	4:39798910-41839986	4.0628	2041065	57223	20001
19	4	4:41421295-53197438	4:41839987-46878419	2.50046	5038379	152188	50855
20	4	4:43965566-55751859	4:46878420-55167065	2.50037	8288603	147881	45962
21	4	4:54427974-57693665	4:55167066-57190255	3.58562	2023179	58709	20001
22	4	4:56790247-60867939	4:57190256-59190319	2.65341	2000019	64371	24054
23	4	4:58105261-63825197	4:59190320-62368609	2.50046	3178245	104166	36058
24	4	4:61665549-67610582	4:62368610-66355187	2.50004	3986560	128647	44768
25	4	4:64240629-71512369	4:66355188-70439402	2.5	4084197	125649	44687
26	4	4:68168314-75220713	4:70439403-73256509	2.50124	2817061	84041	29480
27	4	4:72083009-77733628	4:73256510-76749875	2.50006	3493318	99535	33022
28	4	4:75677442-80079899	4:76749876-78749935	2.53861	2000047	57119	20332
29	4	4:77941011-82650296	4:78749936-82111262	2.50001	3361322	89411	30365
30	4	4:80793199-85083974	4:82111263-84307552	3.86395	2196272	59783	20001
31	4	4:83907523-88840386	4:84307553-86931099	2.50346	2623522	71817	24243
32	4	4:85642580-90823486	4:86931100-90128178	2.50253	3197070	85161	28461
33	4	4:89248043-94808792	4:90128179-93286742	2.50005	3158543	91404	31443
34	4	4:91561475-96906169	4:93286743-96355597	2.50013	3068833	86170	28128
35	4	4:95608320-101134584	4:96355598-99700874	2.50001	3345275	94263	32804
36	4	4:97890979-104500069	4:99700875-102753743	2.50004	3052868	80665	28621
37	4	4:101710000-108126911	4:102753744-106510590	2.50016	3756838	103183	33982
38	4	4:104929537-110732653	4:106510591-109698026	2.5	3187425	84110	26919
39	4	4:108806822-112851785	4:109698027-111762434	2.50002	2064401	56278	20011
40	4	4:111126229-114688784	4:111762435-114122954	2.50394	2360499	62241	20001
41	4	4:113639934-118400057	4:114122955-117042250	2.5003	2919259	82148	29404
42	4	4:115281582-122311141	4:117042251-121394818	2.50137	4352546	119071	42295
43	4	4:119460614-125665518	4:121394819-124329203	2.50002	2934379	80479	27968
44	4	4:122658075-129481883	4:124329204-127238448	2.50081	2909210	80834	28199
45	4	4:126209852-131739063	4:127238449-130721051	2.5002	3482557	93203	30251
46	4	4:129679295-135832348	4:130721052-134343462	2.50084	3622378	103849	35586
47	4	4:132952036-138479376	4:134343463-137621974	2.50186	3278483	98008	31838
48	4	4:136567526-140525944	4:137621975-139628915	2.50011	2006925	57759	20168
49	4	4:139188492-142810872	4:139628916-141925377	3.48146	2296429	61039	20001
50	4	4:141052420-146825331	4:141925378-145371340	2.5	3445931	98336	34091
51	4	4:143368049-149619411	4:145371341-148790721	2.5	3419363	91368	28112
52	4	4:147151431-153586291	4:148790722-152993692	2.50003	4202957	112274	34717
53	4	4:150681853-155976031	4:152993693-155247873	3.83183	2254169	61980	20001
54	4	4:154525363-158483678	4:155247874-157294691	2.90053	2046773	58685	20001
55	4	4:156603454-161797135	4:157294692-160590629	2.50009	3295890	91180	30076
56	4	4:159112519-164000586	4:160590630-163242659	2.50023	2652004	79514	28536
57	4	4:162238513-165854451	4:163242660-165431021	2.50041	2188317	63384	22671
58	4	4:164478167-168406180	4:165431022-167431087	2.66931	2000027	59125	22336
59	4	4:166523980-170201656	4:167431088-169676252	2.50012	2245159	63137	21668
60	4	4:168965462-173567058	4:169676253-172383861	2.50081	2707572	76242	26484
61	4	4:170789065-175221059	4:172383862-174821009	2.50029	2437052	68783	23539
62	4	4:174195065-177467469	4:174821010-176837790	3.25626	2016720	57426	20001
63	4	4:176198314-179542039	4:176837791-178837799	3.36665	2000000	57790	20634
64	4	4:178276421-181315836	4:178837800-180837917	3.02361	2000079	65513	24185
65	4	4:180167093-183238012	4:180837918-182837960	4.52742	2000009	62850	22390
66	4	4:182422242-185237991	4:182837961-184837976	5.62726	2000008	61226	22057
67	4	4:184437977-187237982	4:184837977-186837983	5.65601	2000001	62179	22163
68	4	4:186437897-189238036	4:186837984-188837994	4.66982	2000008	62020	22118
69	4	4:188135751-191154276	4:188837995-191154276	5.14693	2205886	70625	28038
