0	5	5:1-2410093	5:1-2010070	3.34967	2000006	70918	25664
1	5	5:1551207-4410156	5:2010071-4010147	6.73127	2000043	70946	25894
2	5	5:3610097-6485555	5:4010148-6010236	5.32517	2000046	64633	22518
3	5	5:5600003-8493753	5:6010237-8010507	3.27447	2000222	60228	21060
4	5	5:7184853-10487469	5:8010508-10010551	4.05539	2000000	60347	21855
5	5	5:9610527-13780733	5:10010552-12086666	4.40454	2076065	61845	20901
6	5	5:11396024-15935443	5:12086667-14798424	2.50001	2711729	80901	26695
7	5	5:14069355-17434537	5:14798425-16971065	3.18636	2172594	62240	20901
8	5	5:16571065-20579570	5:16971066-19040955	2.82567	2069842	57905	20901
9	5	5:18054695-24364171	5:19040956-23139363	2.5	4098392	114964	39219
10	5	5:21617278-26441921	5:23139364-25677176	2.50018	2537791	74664	25281
11	5	5:24644607-29595542	5:25677177-28184999	2.50024	2507811	77849	26946
12	5	5:27078717-31646011	5:28185000-31095078	2.50086	2910069	87955	30837
13	5	5:30289952-33675307	5:31095079-33154674	4.69577	2059519	59941	20901
14	5	5:32455381-36434119	5:33154675-35241334	3.3835	2086554	58117	20901
15	5	5:34650695-38421235	5:35241335-37984975	2.50014	2743601	74719	24164
16	5	5:36665374-42620134	5:37984976-40029523	2.98986	2044542	60050	20901
17	5	5:38800403-53138463	5:40029524-51970561	2.50002	11941023	284704	92529
18	5	5:44131243-55420208	5:51970562-54087780	2.54075	2117168	60317	20901
19	5	5:53602365-57125718	5:54087781-56318469	2.62362	2230647	61953	20901
20	5	5:55678372-60917199	5:56318470-58569289	2.50002	2250814	63439	21359
21	5	5:57650153-65536226	5:58569290-63220415	2.50011	4651073	124123	39040
22	5	5:61239096-67193641	5:63220416-66278087	2.50013	3057612	81010	26643
23	5	5:65878064-69925066	5:66278088-68616220	2.95858	2338117	64975	20901
24	5	5:67732750-73455666	5:68616221-72841412	3.9157	4225159	66022	20901
25	5	5:71906637-75686296	5:72841413-75108371	3.16572	2266930	62698	20901
26	5	5:73878817-78035923	5:75108372-77196084	4.02522	2087660	58732	20901
27	5	5:76482032-80548803	5:77196085-79525131	3.62796	2328991	63524	20901
28	5	5:79072919-82796030	5:79525132-82086696	2.50101	2561532	67672	22562
29	5	5:81081107-86617579	5:82086697-84404019	3.12074	2317277	62335	20901
30	5	5:83447639-91261757	5:84404020-89585536	2.50004	5181497	135020	41214
31	5	5:88216506-95110733	5:89585537-94174637	2.50002	4589080	112150	33570
32	5	5:92030518-98253520	5:94174638-96748310	2.50017	2573624	68899	23278
33	5	5:95783189-103242558	5:96748311-102649895	2.5	5901548	166007	58746
34	5	5:99261181-106838650	5:102649896-105908688	2.50001	3258757	94996	30746
35	5	5:104124726-109421187	5:105908689-108257648	2.50008	2348892	70457	23913
36	5	5:107051797-112395596	5:108257649-111100492	2.50006	2842773	91350	30438
37	5	5:109619150-115258385	5:111100493-114509581	2.50018	3409056	113618	38562
38	5	5:113126327-117347486	5:114509582-116509674	3.42545	2000087	66478	23401
39	5	5:116090736-120764002	5:116509675-119668087	2.50176	3158322	104501	35906
40	5	5:117947213-123239336	5:119668088-121932744	2.50021	2264553	71629	24578
41	5	5:121177558-124853667	5:121932745-124114328	2.72743	2181543	63604	20901
42	5	5:123714344-127652654	5:124114329-126114389	2.99191	2000034	61430	21777
43	5	5:125714348-132667622	5:126114390-131994959	2.50018	5880560	160922	53726
44	5	5:128595876-134960877	5:131994960-134439283	2.95447	2444315	66078	20901
45	5	5:133180454-139126850	5:134439284-136752054	2.51886	2312747	64428	20901
46	5	5:135331919-141610307	5:136752055-141188629	2.50006	4436551	109313	31947
47	5	5:139409900-145147713	5:141188630-143400237	4.34457	2211600	62049	20901
48	5	5:142551728-146943825	5:143400238-146434479	2.50005	3034227	86582	28649
49	5	5:145317788-149058315	5:146434480-148568469	3.13606	2133963	59621	20901
50	5	5:147864776-151297924	5:148568470-150720506	4.39796	2152012	61514	20901
51	5	5:150164752-154478636	5:150720507-153581896	2.5	2861371	79560	26918
52	5	5:152073560-157586189	5:153581897-156550640	2.50021	2968728	82511	27848
53	5	5:155290916-159664382	5:156550641-159183122	2.50102	2632474	73255	24053
54	5	5:158492472-162367517	5:159183123-161482162	2.50005	2299017	66740	22273
55	5	5:159974428-164967639	5:161482163-163685194	2.54689	2203008	62793	20901
56	5	5:162745784-166703059	5:163685195-165963959	2.97098	2278745	66525	20901
57	5	5:165294566-168642176	5:165963960-168242149	4.20715	2278155	64550	20901
58	5	5:167765526-171098063	5:168242150-170320766	4.90897	2078576	61767	20901
59	5	5:169920770-172843352	5:170320767-172443367	4.07375	2122538	61804	20901
60	5	5:172043407-174894407	5:172443368-174494386	5.71886	2050948	61135	20901
61	5	5:174094401-177393115	5:174494387-176755911	4.16061	2261490	62699	20901
62	5	5:176041763-179600472	5:176755912-178755978	4.86537	2000052	59155	21827
63	5	5:178355955-180915260	5:178755979-180915260	4.12889	2148703	62529	22388
