0	12	12:1-2543801	12:1-2074066	4.46182	2013874	59681	20701
1	12	12:1674051-4474092	12:2074067-4074109	5.61083	2000008	61738	21082
2	12	12:3674074-6542851	12:4074110-6142847	5.4204	2068709	59979	20701
3	12	12:5742846-8657589	12:6142848-8184584	4.42861	2041664	59425	20701
4	12	12:7784641-10899452	12:8184585-10184710	3.05477	2000042	58620	22005
5	12	12:9033543-12665190	12:10184711-12184749	3.93567	2000019	59820	21300
6	12	12:11784749-15243622	12:12184750-14301815	4.39652	2117063	61277	20701
7	12	12:13578717-17372847	12:14301816-16585690	2.68645	2283851	62100	20701
8	12	12:16080386-20286706	12:16585691-19758728	2.50003	3173004	92081	29485
9	12	12:18302141-22872250	12:19758729-21758837	3.38272	2000085	60352	21299
10	12	12:20864271-24544328	12:21758838-24144290	3.25257	2385433	64502	20701
11	12	12:23640504-26858890	12:24144291-26211887	3.63495	2067590	58876	20701
12	12	12:25440931-29630784	12:26211888-28528150	2.6174	2316259	62287	20701
13	12	12:27752873-31393550	12:28528151-30653893	2.50046	2125709	63673	22948
14	12	12:29786004-38611087	12:30653894-32654036	2.63953	2000086	56755	21201
15	12	12:32079767-43386900	12:32654037-42133020	2.50001	9478943	219208	79065
16	12	12:40463914-47202058	12:42133021-45782754	2.5	3649698	102116	35530
17	12	12:44151765-49340876	12:45782755-48250507	2.50008	2467642	69200	23853
18	12	12:47653689-52338413	12:48250508-51746685	2.50022	3496079	92189	28332
19	12	12:50288167-54595365	12:51746686-53952309	3.57521	2205607	64054	20701
20	12	12:53042672-56982929	12:53952310-56041794	2.81779	2089456	60082	20701
21	12	12:54990265-60850258	12:56041795-59053593	2.50156	3011774	77576	23572
22	12	12:57749732-63915893	12:59053594-63133850	2.50001	4080212	115716	38872
23	12	12:61924294-66391431	12:63133851-65443149	2.50005	2309246	61697	21002
24	12	12:64409907-68250805	12:65443150-67850843	3.16379	2407635	65316	20701
25	12	12:67041870-71077774	12:67850844-70082301	3.89622	2231387	61422	20701
26	12	12:69494827-73765037	12:70082302-72606979	2.50026	2524641	67618	23463
27	12	12:71443056-76599668	12:72606980-76199706	2.50011	3592676	100978	32888
28	12	12:75278682-79056193	12:76199707-78426201	3.93518	2226455	61359	20701
29	12	12:77667959-82508287	12:78426202-80872801	2.73374	2446577	65483	20701
30	12	12:79759220-85380908	12:80872802-83546610	2.50002	2673786	73006	23461
31	12	12:83081429-89942025	12:83546611-89329249	2.5	5782625	158335	50523
32	12	12:87299616-92829063	12:89329250-92239202	2.50039	2909932	75494	22888
33	12	12:91021008-94920241	12:92239203-94437043	4.01502	2197779	60714	20701
34	12	12:93999466-97684509	12:94437044-96545842	4.40887	2108735	58852	20701
35	12	12:96089251-99816237	12:96545843-98971400	2.50005	2425545	67924	22726
36	12	12:97871799-101982303	12:98971401-101375891	2.50021	2404473	64726	21611
37	12	12:100040822-104296900	12:101375892-103705732	2.82652	2329812	63357	20701
38	12	12:102963136-106513578	12:103705733-105892063	3.01993	2186311	60875	20701
39	12	12:105088971-108875388	12:105892064-108180333	2.50025	2288246	62681	20817
40	12	12:106744731-113263877	12:108180334-110426802	2.50552	2246453	62570	20701
41	12	12:109319683-114833303	12:110426803-114101507	2.50046	3674698	92600	27388
42	12	12:113553284-116787477	12:114101508-116101532	4.36406	2000015	62059	21704
43	12	12:115583934-118890345	12:116101533-118246266	4.39767	2144713	61363	20701
44	12	12:117846234-121775211	12:118246267-120459374	3.7847	2213079	61022	20701
45	12	12:119706753-124722038	12:120459375-123385719	2.50052	2926306	81835	25733
46	12	12:121997440-125911208	12:123385720-125511203	3.55157	2125455	63916	20701
47	12	12:125111178-127911227	12:125511204-127511213	4.44435	2000006	63107	22634
48	12	12:127023270-129911227	12:127511214-129511224	8.90546	2000003	65913	24774
49	12	12:129111092-131911326	12:129511225-131511280	7.43469	2000036	67701	25094
50	12	12:131111280-133851895	12:131511281-133851895	3.94635	2330522	71056	25568
