0	10	10:1-2637200	10:1-2060506	2.8107	2000000	70920	24029
1	10	10:1623767-4523917	10:2060507-4060529	5.69557	2000004	71364	26151
2	10	10:3660530-6460644	10:4060530-6060627	4.32317	2000088	68072	25423
3	10	10:5608840-8460739	10:6060628-8060699	5.63376	2000046	63688	23398
4	10	10:7583141-10460753	10:8060700-10060746	3.35712	2000001	59256	20485
5	10	10:8925498-12492941	10:10060747-12060786	4.41022	2000012	63842	21988
6	10	10:11422724-14507362	10:12060787-14060800	5.69879	2000006	67389	24321
7	10	10:13660684-16679446	10:14060801-16060827	3.98897	2000003	66480	23251
8	10	10:15481499-18986024	10:16060828-18061542	3.45049	2000174	58497	20795
9	10	10:17338660-21062406	10:18061543-20154710	2.50001	2092632	65753	23554
10	10	10:19421725-23838930	10:20154711-22673234	2.50002	2518485	75216	24932
11	10	10:21359097-25579064	10:22673235-24775243	2.5	2101951	63117	21665
12	10	10:24375276-27619972	10:24775244-26775295	2.76462	2000013	58768	20520
13	10	10:26028269-29514107	10:26775296-29114122	2.50177	2338804	66815	23876
14	10	10:28499321-32678753	10:29114123-31114142	4.73274	2000000	63727	24046
15	10	10:30686621-34817749	10:31114143-34160647	2.50007	3046500	88413	29448
16	10	10:33655914-43751912	10:34160648-36648809	2.50008	2488144	72076	23698
17	10	10:36009831-47146150	10:36648810-46164951	2.50001	9516121	211243	71846
18	10	10:44394690-51190136	10:46164952-50183226	6.12308	4018251	59455	20001
19	10	10:49486691-53569381	10:50183227-52823365	3.88896	2640100	59680	20001
20	10	10:51620904-55669521	10:52823366-54823428	3.61688	2000016	58366	20886
21	10	10:54410927-58809492	10:54823429-56924302	2.5	2100830	64373	24016
22	10	10:56208939-61386243	10:56924303-60556964	2.50117	3632638	105057	37823
23	10	10:59430149-64073035	10:60556965-62722983	2.57726	2166013	60673	20001
24	10	10:61820945-67555717	10:62722984-66314430	2.50132	3591443	99022	32394
25	10	10:64759792-70809301	10:66314431-68962995	2.50014	2648553	79911	29716
26	10	10:68077457-71852906	10:68962996-71452888	2.50012	2489869	70483	24551
27	10	10:71052890-75696383	10:71452889-73452921	4.8206	2000005	61681	21796
28	10	10:73052918-78827640	10:73452922-77918215	2.50024	4465247	116563	34509
29	10	10:77125310-80693318	10:77918216-80087128	2.96872	2168851	61438	20001
30	10	10:79468392-82569802	10:80087129-82087180	3.1135	2000001	60249	21238
31	10	10:81059801-85458909	10:82087181-84087310	3.20633	2000092	58440	21066
32	10	10:83596855-87937914	10:84087311-87217680	2.50036	3130296	91826	32446
33	10	10:85795915-90420429	10:87217681-89468453	2.50008	2250652	60205	20428
34	10	10:88441883-92686124	10:89468454-91767013	2.81097	2298482	61203	20001
35	10	10:90987225-95278945	10:91767014-94201274	2.50033	2434224	65949	20942
36	10	10:92906605-98134792	10:94201275-97041527	2.50121	2840227	79601	25992
37	10	10:95397467-100104572	10:97041528-99460020	2.5827	2418490	63712	20001
38	10	10:98526482-102785449	10:99460021-102090965	2.50038	2630923	70645	22716
39	10	10:100366491-107363824	10:102090966-105720415	2.50006	3629405	90640	25953
40	10	10:102966809-109908529	10:105720416-108729205	2.50346	3008732	84011	27352
41	10	10:107970919-113052776	10:108729206-112294566	2.5	3565325	111530	36875
42	10	10:110388951-114827782	10:112294567-114294590	2.52295	2000001	60518	20512
43	10	10:113847055-117954383	10:114294591-116428513	4.16963	2133900	61273	20001
44	10	10:116028505-119420503	10:116428514-119013034	2.5023	2584519	71316	24106
45	10	10:118236574-121891939	10:119013035-121150837	4.49493	2137788	60135	20001
46	10	10:120590526-123826041	10:121150838-123150886	3.59088	2000013	58428	20996
47	10	10:122748893-125550972	10:123150887-125150954	3.57231	2000040	59222	20102
48	10	10:124395825-127845104	10:125150955-127151037	5.16821	2000075	61382	21426
49	10	10:126739155-129571230	10:127151038-129171214	4.52979	2020176	57289	20001
50	10	10:128557524-131634994	10:129171215-131171250	6.12576	2000025	65499	23436
51	10	10:130771237-133727610	10:131171251-133171319	5.26764	2000050	67643	24185
52	10	10:132771312-135534747	10:133171320-135534747	4.11691	2353044	80228	29080
